Genre
Rock
Rock
Rock
Pop
Rock
Rock
Rock
Rock
Rock
Rock
Pop
Rock
Rock
Rock
Rock
Pop
Rock
Rock
Pop
Pop
Rock
Pop
Rock
Pop
Rock
Rock
Pop
Pop
Rock
Pop
Rock
Pop
Rock
Rock
Rock
Rock
Rock
Rock
Rock
Pop
Rock
Rock
Rock
Rock
Rock
Rock
Rock
Rock
Rock
Pop
Rock
Rock
Pop
Rock
Rock
Rock
Rock
Rock
Rock
Rock
Rock
Rock
Rock
Hip Hop
Rock
Rock
Hip Hop
Rock
Pop
Rock
Rock
Pop
Rock
Pop
Pop
Rock
Pop
Rock
Pop
Pop
Rock
Rock
Rock
Rock
Pop
Rock
Rock
Rock
Rock
Pop
Rock
Rock
Rock
Rock
Rock
Hip Hop
Rock
Rock
Rock
Rock
Rock
Rock
Rock
Rock
Rock
Pop
Rock
Rock
Rock
Pop
Rock
Rock
Rock
Pop
Rock
Rock
Rock
Rock
Rock
Pop
Rock
Rock
Rock
Pop
Rock
Rock
Rock
Rock
Rock
Pop
Pop
Pop
Rock
Rock
Pop
Rock
Rock
Rock
Rock
Rock
Rock
Rock
Pop
Pop
Rock
Pop
Rock
Rock
Rock
Pop
Rock
Pop
Pop
Rock
Rock
Pop
Rock
Rock
Rock
Rock
Rock
Pop
Rock
Rock
Rock
Rock
Rock
Pop
Pop
Rock
Rock
Rock
Rock
Hip Hop
Rock
Rock
Rock
Rock
Rock
Rock
Rock
Pop
Rock
Rock
Rock
Hip Hop
Rock
Pop
Pop
Rock
Pop
Rock
Rock
Pop
Hip Hop
Rock
Rock
Pop
Rock
Rock
Rock
Rock
Rock
Pop
Rock
Rock
Rock
Pop
Rock
Rock
Hip Hop
Rock
Rock
Rock
Pop
Pop
Pop
Rock
Pop
Pop
Rock
Pop
Rock
Rock
Rock
Rock
Hip Hop
Rock
Pop
Hip Hop
Rock
Rock
Rock
Pop
Rock
Rock
Rock
Rock
Rock
Rock
Pop
Pop
Rock
Rock
Rock
Rock
Pop
Rock
Rock
Rock
Rock
Rock
Rock
Rock
Rock
Rock
Rock
Rock
Rock
Rock
Rock
Rock
Rock
Rock
Rock
Rock
Rock
Rock
Rock
Rock
Rock
Rock
Rock
Rock
Pop
Rock
Pop
Pop
Pop
Rock
Pop
Rock
Rock
Pop
Rock
Pop
Pop
Rock
Pop
Rock
Rock
Pop
Pop
Rock
Pop
Rock
Pop
Rock
Pop
Pop
Pop
Rock
Rock
Pop
Rock
Rock
Rock
Rock
Rock
Rock
Rock
Rock
Rock
Pop
Rock
Rock
Hip Hop
Rock
Rock
Rock
Rock
Rock
Rock
Rock
Rock
Rock
Rock
Rock
Rock
Pop
Rock
Rock
Rock
Rock
Pop
Rock
Rock
Rock
Pop
Pop
Rock
Rock
Pop
Pop
Pop
Rock
Rock
Rock
Rock
Pop
Rock
Rock
Pop
Rock
Rock
Rock
Rock
Rock
Rock
Rock
Rock
Rock
Pop
Rock
Pop
Rock
Pop
Pop
Rock
Rock
Rock
Rock
Rock
Rock
Pop
Rock
Rock
Rock
Rock
Rock
Rock
Rock
Pop
Rock
Rock
Pop
Rock
Rock
Pop
Rock
Pop
Rock
Rock
Pop
Rock
Pop
Rock
Rock
Rock
Rock
Rock
Rock
Rock
Rock
Rock
Rock
Rock
Rock
Pop
Pop
Rock
Rock
Rock
Rock
Pop
Rock
Rock
Rock
Rock
Rock
Rock
Rock
Rock
Rock
Rock
Rock
Rock
Rock
Rock
Rock
Rock
Rock
Rock
Rock
Rock
Rock
Rock
Rock
Rock
Rock
Rock
Rock
Pop
Rock
Rock
Rock
Rock
Rock
Rock
Rock
Rock
Rock
Rock
Rock
Pop
Rock
Rock
Rock
Rock
Hip Hop
Rock
Rock
Rock
Rock
Hip Hop
Rock
Pop
Hip Hop
Rock
Rock
Rock
Rock
Rock
Rock
Rock
Rock
Rock
Rock
Hip Hop
Pop
Rock
Rock
Rock
Rock
Pop
Rock
Rock
Hip Hop
Hip Hop
Rock
Hip Hop
Rock
Rock
Rock
Pop
Pop
Rock
Rock
Rock
Pop
Rock
Rock
Rock
Pop
Pop
Rock
Rock
Rock
Rock
Rock
Rock
Pop
Pop
Rock
Rock
Rock
Rock
Rock
Rock
Pop
Rock
Rock
Rock
Pop
Rock
Rock
Rock
Rock
Rock
Rock
Rock
Hip Hop
Pop
Pop
Rock
Rock
Rock
Pop
Pop
Rock
Rock
Rock
Rock
Rock
Pop
Pop
Rock
Rock
Rock
Rock
Pop
Rock
Pop
Pop
Rock
Rock
Rock
Rock
Rock
Pop
Rock
Rock
Rock
Rock
Rock
Rock
Rock
Rock
Rock
Pop
Pop
Rock
Rock
Pop
Rock
Rock
Rock
Rock
Pop
Rock
Rock
Rock
Pop
Rock
Rock
Pop
Rock
Pop
Rock
Hip Hop
Rock
Rock
Rock
Rock
Rock
Pop
Rock
Pop
Rock
Rock
Rock
Rock
Rock
Pop
Rock
Rock
Rock
Rock
Rock
Rock
Rock
Rock
Rock
Hip Hop
Pop
Pop
Rock
Rock
Rock
Rock
Pop
Rock
Pop
Pop
Rock
Rock
Rock
Rock
Pop
Rock
Rock
Rock
Rock
Rock
Rock
Rock
Pop
Hip Hop
Rock
Rock
Pop
Rock
Rock
Rock
Rock
Pop
Pop
Pop
Rock
Rock
Pop
Rock
Rock
Rock
Rock
Rock
Rock
Pop
Pop
Rock
Rock
Rock
Pop
Rock
Rock
Rock
Pop
Pop
Rock
Rock
Rock
Pop
Rock
Rock
Rock
Rock
Rock
Rock
Pop
Rock
Rock
Rock
Rock
Hip Hop
Rock
Rock
Rock
Pop
Rock
Pop
Rock
Rock
Pop
Pop
Rock
Hip Hop
Rock
Rock
Pop
Rock
Rock
Pop
Rock
Pop
Rock
Rock
Rock
Rock
Rock
Rock
Pop
Rock
Rock
Rock
Rock
Pop
Rock
Rock
Rock
Rock
Rock
Rock
Rock
Rock
Pop
Pop
Rock
Rock
Rock
Pop
Rock
Rock
Rock
Rock
Hip Hop
Rock
Rock
Rock
Rock
Rock
Pop
Rock
Rock
Rock
Rock
Rock
Rock
Rock
Pop
Pop
Rock
Pop
Rock
Rock
Rock
Rock
Rock
Pop
Rock
Rock
Rock
Rock
Pop
Rock
Rock
Rock
Rock
Rock
Pop
Rock
Pop
Rock
Rock
Pop
Pop
Rock
Rock
Rock
Pop
Rock
Rock
Rock
Rock
Rock
Pop
Rock
Pop
Pop
Rock
Rock
Rock
Pop
Pop
Rock
Rock
Rock
Rock
Rock
Rock
Rock
Rock
Rock
Rock
Rock
Rock
Rock
Pop
Pop
Rock
Pop
Rock
Rock
Rock
Rock
Rock
Pop
Rock
Rock
Rock
Rock
Pop
Rock
Rock
Rock
Rock
Rock
Rock
Rock
Rock
Pop
Rock
Pop
Rock
Rock
Pop
Hip Hop
Rock
Hip Hop
Rock
Rock
Pop
Rock
Rock
Rock
Rock
Rock
Rock
Rock
Rock
Pop
Pop
Rock
Rock
Hip Hop
Rock
Rock
Rock
Rock
Rock
Rock
Rock
Rock
Pop
Pop
Rock
Rock
Rock
Rock
Pop
Pop
Pop
Rock
Rock
Rock
Pop
Rock
Rock
Rock
Pop
Pop
Rock
Rock
Rock
Rock
Rock
Pop
Rock
Rock
Rock
Rock
Hip Hop
Rock
Pop
Rock
Rock
Pop
Rock
Rock
Pop
Rock
Rock
Rock
Pop
Rock
Rock
Rock
Hip Hop
Rock
Pop
Rock
Rock
Pop
Rock
Pop
Rock
Rock
Rock
Rock
Pop
Rock
Pop
Pop
Rock
Rock
Rock
Rock
Rock
Rock
Pop
Pop
Pop
Rock
Pop
Pop
Rock
Rock
Rock
Pop
Rock
Hip Hop
Pop
Rock
Rock
Rock
Rock
Rock
Pop
Rock
Rock
Rock
Rock
Rock
Rock
Rock
Pop
Rock
Rock
Rock
Rock
Rock
Rock
Rock
Hip Hop
Rock
Rock
Rock
Rock
Pop
Rock
Rock
Pop
Rock
Rock
Pop
Rock
Rock
Rock
Rock
Rock
Rock
Rock
Rock
Pop
Rock
Rock
Hip Hop
Pop
Hip Hop
Pop
Rock
Pop
Rock
Rock
Rock
Rock
Pop
Rock
Rock
Rock
Rock
Rock
Rock
Rock
Rock
Pop
Rock
Rock
Rock
Rock
Rock
Pop
Rock
Rock
Rock
Rock
Rock
Rock
Pop
Rock
Rock
Rock
Rock
Rock
Rock
Rock
Pop
Pop
Rock
Pop
Rock
Pop
Rock
Rock
Pop
Rock
Rock
Hip Hop
Rock
Rock
Pop
Rock
Rock
Pop
Rock
Rock
Pop
Pop
Rock
Pop
Rock
Rock
Rock
Rock
Pop
Rock
Pop
Rock
Hip Hop
Pop
Hip Hop
Rock
Pop
Pop
Rock
Rock
Hip Hop
Pop
Rock
Rock
Rock
Rock
Rock
Rock
Pop
Rock
Rock
Pop
Rock
Rock
Rock
Rock
Pop
Rock
Rock
Rock
Rock
Rock
Pop
Rock
Rock
Rock
Pop
Pop
Pop
Rock
Pop
Rock
Rock
Rock
Rock
Rock
Rock
Hip Hop
Rock
Rock
Pop
Rock
Rock
Rock
Rock
Rock
Rock
Pop
Pop
Pop
Rock
Rock
Rock
Rock
Rock
Rock
Rock
Rock
Rock
Pop
Rock
Rock
Rock
Rock
Pop
Pop
Rock
Rock
Pop
Rock
Pop
Rock
Rock
Rock
Pop
Rock
Pop
Pop
Rock
Rock
Pop
Pop
Rock
Pop
Rock
Pop
Rock
Rock
Rock
Rock
Pop
Pop
Pop
Rock
Pop
Pop
Rock
Rock
Rock
Rock
Rock
Rock
Rock
Rock
Rock
Rock
Rock
Rock
Rock
Pop
Rock
Rock
Rock
Rock
Rock
Rock
Rock
Rock
Rock
Pop
Rock
Rock
Rock
Rock
Rock
Rock
Pop
Rock
Rock
Rock
Rock
Rock
Rock
Rock
Rock
Rock
Rock
Rock
Rock
Pop
Rock
Pop
Rock
Rock
Rock
Rock
Rock
Rock
Rock
Pop
Rock
Rock
Rock
Rock
Rock
Rock
Rock
Pop
Rock
Rock
Rock
Rock
Rock
Pop
Pop
Rock
Rock
Rock
Rock
Rock
Rock
Rock
Rock
Rock
Rock
Pop
Rock
Rock
Rock
Pop
Rock
Rock
Pop
Pop
Rock
Rock
Hip Hop
Rock
Rock
Rock
Pop
Rock
Pop
Pop
Pop
Rock
Rock
Rock
Rock
Rock
Pop
Rock
Pop
Rock
Pop
Pop
Rock
Pop
Pop
Rock
Rock
Rock
Pop
Rock
Rock
Rock
Rock
Rock
Pop
Pop
Pop
Rock
Rock
Rock
Pop
Rock
Rock
Rock
Rock
Rock
Rock
Rock
Hip Hop
Rock
Pop
Rock
Hip Hop
Pop
Rock
Rock
Rock
Rock
Rock
Rock
Pop
Pop
Rock
Rock
Pop
Rock
Rock
Hip Hop
Pop
Rock
Rock
Rock
Rock
Rock
Rock
Rock
Rock
Rock
Rock
Pop
Pop
Pop
Rock
Rock
Hip Hop
Pop
Rock
Rock
Rock
Rock
Rock
Rock
Rock
Rock
Pop
Rock
Pop
Rock
Rock
Pop
Pop
Pop
Rock
Rock
Rock
Rock
Rock
Rock
Pop
Rock
Rock
Rock
Rock
Rock
Rock
Rock
Rock
Rock
Rock
Rock
Rock
Rock
Pop
Rock
Rock
Pop
Rock
Pop
Rock
Rock
Rock
Rock
Rock
Pop
Rock
Pop
Rock
Rock
Pop
Rock
Pop
Rock
Rock
Rock
Rock
Rock
Rock
Rock
Rock
Rock
Rock
Pop
Rock
Rock
Pop
Rock
Rock
Rock
Rock
Hip Hop
Rock
Rock
Rock
Rock
Pop
Pop
Rock
Rock
Rock
Rock
Rock
Rock
Rock
Rock
Rock
Rock
Rock
Rock
Hip Hop
Hip Hop
Rock
Rock
Rock
Rock
Rock
Rock
Rock
Rock
Pop
Pop
Rock
Rock
Rock
Pop
Pop
Pop
Rock
Rock
Rock
Rock
Rock
Rock
Rock
Rock
Rock
Rock
Rock
Rock
Rock
Rock
Rock
Pop
Rock
Pop
Rock
Pop
Rock
Rock
Pop
Rock
Rock
Pop
Rock
Pop
Rock
Rock
Rock
Pop
Pop
Pop
Pop
Rock
Rock
Rock
Rock
Rock
Rock
Rock
Pop
Rock
Rock
Pop
Rock
Pop
Rock
Rock
Rock
Rock
Rock
Rock
Rock
Rock
Rock
Rock
Rock
Rock
Rock
Rock
Rock
Rock
Rock
Rock
Rock
Pop
Rock
Rock
Rock
Pop
Rock
Rock
Rock
Rock
Rock
Rock
Rock
Rock
Rock
Rock
Rock
Pop
Rock
Rock
Rock
Pop
Pop
Rock
Rock
Rock
Rock
Pop
Rock
Rock
Rock
Rock
Rock
Rock
Rock
Rock
Rock
Pop
Rock
Pop
Rock
Rock
Pop
Rock
Rock
Rock
Pop
Pop
Pop
Rock
Pop
Pop
Rock
Rock
Rock
Rock
Pop
Rock
Rock
Rock
Rock
Rock
Rock
Pop
Rock
Rock
Rock
Rock
Pop
Rock
Pop
Pop
Pop
Pop
Rock
Rock
Rock
Pop
Hip Hop
Rock
Pop
Pop
Rock
Rock
Rock
Rock
Pop
Pop
Rock
Rock
Rock
Rock
Rock
Rock
Rock
Pop
Pop
Rock
Rock
Pop
Pop
Rock
Rock
Rock
Rock
Rock
Rock
Rock
Pop
Rock
Rock
Rock
Rock
Rock
Pop
Rock
Rock
Pop
Pop
Rock
Rock
Rock
Rock
Pop
Rock
Rock
Rock
Rock
Rock
Rock
Rock
Rock
Rock
Pop
Rock
Rock
Rock
Pop
Rock
Rock
Rock
Rock
Pop
Pop
Pop
Pop
Rock
Rock
Pop
Rock
Rock
Pop
Rock
Pop
Rock
Rock
Hip Hop
Rock
Rock
Pop
Rock
Rock
Rock
Rock
Pop
Pop
Rock
Rock
Rock
Rock
Pop
Rock
Rock
Pop
Rock
Rock
Rock
Rock
Rock
Rock
Pop
Rock
Rock
Rock
Rock
Rock
Rock
Rock
Pop
Pop
Rock
Rock
Pop
Rock
Pop
Pop
Rock
Rock
Hip Hop
Pop
Rock
Rock
Rock
Rock
Rock
Pop
Rock
Rock
Rock
Rock
Rock
Rock
Rock
Rock
Rock
Rock
Rock
Rock
Pop
Rock
Rock
Rock
Rock
Rock
Hip Hop
Rock
Pop
Rock
Rock
Hip Hop
Pop
Rock
Rock
Rock
Rock
Rock
Rock
Pop
Rock
Rock
Rock
Rock
Rock
Rock
Rock
Rock
Rock
Pop
Pop
Rock
Rock
Pop
Pop
Rock
Rock
Rock
Hip Hop
Rock
Rock
Rock
Pop
Rock
Pop
Rock
Rock
Rock
Rock
Rock
Pop
Pop
Rock
Rock
Rock
Pop
Rock
Rock
Pop
Rock
Rock
Rock
Rock
Pop
Rock
Rock
Hip Hop
Rock
Rock
Pop
Rock
Rock
Rock
Pop
Rock
Rock
Hip Hop
Rock
Rock
Rock
Rock
Rock
Rock
Rock
Rock
Rock
Rock
Pop
Rock
Rock
Pop
Rock
Rock
Hip Hop
Rock
Rock
Rock
Rock
Rock
Rock
Rock
Rock
Pop
Rock
Rock
Rock
Rock
Pop
Rock
Rock
Rock
Rock
Rock
Pop
Rock
Hip Hop
Rock
Hip Hop
Rock
Rock
Pop
Rock
Rock
Rock
Rock
Pop
Rock
Rock
Rock
Pop
Rock
Rock
Rock
Pop
Rock
Pop
Rock
Rock
Pop
Rock
Rock
Rock
Rock
Rock
Rock
Rock
Rock
Rock
Rock
Pop
Rock
Rock
Rock
Rock
Rock
Rock
Rock
Rock
Pop
Rock
Rock
Rock
Rock
Pop
Rock
Pop
Rock
Rock
Rock
Rock
Rock
Pop
Rock
Hip Hop
Rock
Rock
Rock
Rock
Pop
Rock
Rock
Rock
Rock
Rock
Pop
Rock
Rock
Hip Hop
Rock
Rock
Rock
Pop
Rock
Pop
Rock
Rock
Rock
Rock
Rock
Rock
Rock
Rock
Rock
Rock
Rock
Rock
Rock
Rock
Rock
Pop
Rock
Rock
Rock
Rock
Pop
Rock
Rock
Rock
Rock
Rock
Rock
Rock
Rock
Rock
Rock
Pop
Rock
Rock
Rock
Rock
Rock
Rock
Rock
Rock
Pop
Rock
Pop
Rock
Rock
Rock
Rock
Rock
Rock
Rock
Pop
Pop
Rock
Rock
Pop
Rock
Rock
Rock
Rock
Rock
Rock
Rock
Rock
Pop
Rock
Rock
Rock
Rock
Rock
Rock
Rock
Rock
Rock
Rock
Hip Hop
Rock
Rock
Rock
Pop
Rock
Rock
Hip Hop
Rock
Rock
Pop
Hip Hop
Rock
Pop
Rock
Hip Hop
Rock
Rock
Rock
Rock
Pop
Rock
Rock
Rock
Rock
Rock
Pop
Rock
Hip Hop
Rock
Rock
Rock
Pop
Pop
Rock
Rock
Pop
Pop
Hip Hop
Rock
Rock
Rock
Rock
Hip Hop
Rock
Rock
Pop
Pop
Rock
Pop
Rock
Pop
Hip Hop
Rock
Rock
Rock
Rock
Pop
Rock
Pop
Rock
Rock
Rock
Pop
Rock
Rock
Rock
Rock
Pop
Rock
Rock
Rock
Rock
Pop
Pop
Rock
Pop
Rock
Pop
Rock
Rock
Hip Hop
Rock
Rock
Rock
Hip Hop
Rock
Rock
Pop
Rock
Rock
Rock
Hip Hop
Rock
Pop
Pop
Rock
Rock
Hip Hop
Pop
Pop
Rock
Rock
Rock
Rock
Hip Hop
Rock
Rock
Rock
Rock
Pop
Rock
Rock
Rock
Pop
Rock
Pop
Rock
Rock
Pop
Rock
Rock
Rock
Rock
Rock
Pop
Rock
Rock
Rock
Rock
Rock
Rock
Rock
Rock
Rock
Rock
Rock
Rock
Rock
Rock
Rock
Pop
Rock
Rock
Pop
Rock
Rock
Pop
Rock
Rock
Rock
Rock
Rock
Rock
Rock
Pop
Pop
Pop
Rock
Rock
Rock
Rock
Rock
Rock
Rock
Rock
Rock
Rock
Rock
Rock
Rock
Pop
Rock
Pop
Rock
Rock
Rock
Rock
Pop
Pop
Hip Hop
Pop
Rock
Rock
Rock
Rock
Rock
Rock
Pop
Rock
Rock
Pop
Pop
Pop
Rock
Rock
Pop
Rock
Rock
Pop
Rock
Rock
Pop
Pop
Rock
Rock
Hip Hop
Rock
Rock
Rock
Pop
Hip Hop
Rock
Rock
Rock
Rock
Pop
Pop
Rock
Rock
Pop
Rock
Rock
Rock
Rock
Pop
Rock
Rock
Rock
Rock
Rock
Rock
Pop
Rock
Rock
Rock
Rock
Rock
Rock
Rock
Rock
Rock
Rock
Rock
Rock
Hip Hop
Rock
Pop
Pop
Rock
Rock
Rock
Rock
Pop
Rock
Pop
Rock
Rock
Rock
Rock
Rock
Pop
Rock
Pop
Rock
Rock
Rock
Pop
Rock
Rock
Rock
Rock
Rock
Rock
Pop
Rock
Rock
Hip Hop
Pop
Rock
Rock
Rock
Rock
Rock
Rock
Pop
Rock
Rock
Rock
Hip Hop
Hip Hop
Rock
Rock
Pop
Rock
Rock
Rock
Pop
Rock
Rock
Rock
Rock
Rock
Pop
Rock
Pop
Pop
Pop
Rock
Rock
Pop
Rock
Rock
Rock
Rock
Rock
Pop
Rock
Rock
Rock
Rock
Pop
Rock
Rock
Pop
Rock
Rock
Rock
Rock
Pop
Rock
Pop
Pop
Rock
Rock
Rock
Rock
Rock
Pop
Hip Hop
Rock
Rock
Rock
Rock
Rock
Pop
Rock
Rock
Rock
Hip Hop
Rock
Rock
Rock
Pop
Rock
Rock
Hip Hop
Rock
Rock
Rock
Rock
Hip Hop
Rock
Rock
Rock
Pop
Rock
Rock
Pop
Pop
Rock
Pop
Rock
Rock
Rock
Rock
Pop
Rock
Rock
Rock
Rock
Rock
Pop
Rock
Rock
Rock
Rock
Rock
Rock
Pop
Rock
Rock
Rock
Rock
Rock
Rock
Pop
Rock
Pop
Pop
Rock
Rock
Rock
Pop
Rock
Rock
Rock
Rock
Rock
Rock
Rock
Pop
Rock
Rock
Rock
Rock
Rock
Rock
Pop
Rock
Rock
Pop
Rock
Rock
Pop
Rock
Pop
Rock
Rock
Rock
Rock
Rock
Rock
Rock
Pop
Pop
Pop
Pop
Rock
Rock
Pop
Rock
Rock
Rock
Rock
Rock
Rock
Rock
Rock
Rock
Rock
Pop
Rock
Rock
Rock
Rock
Rock
Pop
Pop
Rock
Rock
Rock
Rock
Rock
Rock
Pop
Rock
Rock
Rock
Rock
Rock
Pop
Rock
Rock
Pop
Rock
Rock
Rock
Rock
Rock
Rock
Rock
Rock
Rock
Rock
Rock
Rock
Rock
Rock
Rock
Rock
Rock
Rock
Pop
Pop
Rock
Rock
Rock
Pop
Rock
Rock
Rock
Rock
Pop
Rock
Rock
Rock
Rock
Rock
Rock
Pop
Rock
Rock
Rock
Rock
Pop
Rock
Rock
Pop
Rock
Rock
Rock
Rock
Pop
Rock
Rock
Pop
Pop
Rock
Rock
Rock
Rock
Pop
Rock
Rock
Rock
Rock
Pop
Rock
Pop
Pop
Hip Hop
Hip Hop
Rock
Pop
Rock
Pop
Rock
Rock
Rock
Rock
Rock
Rock
Rock
Rock
Hip Hop
Rock
Rock
Rock
Rock
Rock
Rock
Rock
Pop
Rock
Rock
Rock
Pop
Rock
Rock
Pop
Rock
Rock
Hip Hop
Rock
Rock
Rock
Pop
Rock
Rock
Rock
Rock
Rock
Rock
Rock
Pop
Rock
Rock
Rock
Rock
Rock
Rock
Rock
Hip Hop
Rock
Pop
Rock
Rock
Rock
Rock
Rock
Pop
Rock
Rock
Rock
Rock
Rock
Rock
Rock
Pop
Hip Hop
Pop
Rock
Pop
Rock
Hip Hop
Rock
Rock
Pop
Rock
Rock
Rock
Rock
Rock
Rock
Rock
Rock
Rock
Pop
Rock
Rock
Rock
Pop
Hip Hop
Rock
Rock
Pop
Rock
Rock
Rock
Rock
Rock
Rock
Rock
Rock
Rock
Rock
Rock
Rock
Rock
Rock
Rock
Rock
Rock
Hip Hop
Rock
Rock
Rock
Rock
Rock
Pop
Rock
Pop
Rock
Rock
Pop
Rock
Pop
Rock
Pop
Rock
Pop
Rock
Pop
Pop
Rock
Rock
Pop
Pop
Rock
Rock
Rock
Rock
Pop
Rock
Rock
Rock
Pop
Hip Hop
Rock
Pop
Pop
Rock
Pop
Rock
Rock
Rock
Rock
Pop
Rock
Rock
Rock
Rock
Rock
Rock
Rock
Rock
Rock
Pop
Rock
Rock
Rock
Rock
Rock
Rock
Rock
Rock
Rock
Pop
Rock
Rock
Pop
Rock
Rock
Rock
Rock
Pop
Rock
Rock
Rock
Pop
Pop
Rock
Rock
Rock
Pop
Rock
Rock
Rock
Rock
Rock
Rock
Pop
Rock
Pop
Rock
Rock
Rock
Rock
Rock
Hip Hop
Rock
Rock
Rock
Rock
Rock
Pop
Rock
Rock
Rock
Pop
Rock
Rock
Pop
Rock
Rock
Rock
Rock
Pop
Rock
Rock
Pop
Rock
Rock
Rock
Rock
Pop
Rock
Rock
Rock
Rock
Pop
Rock
Rock
Rock
Rock
Rock
Pop
Pop
Rock
Pop
Pop
Rock
Rock
Pop
Rock
Rock
Rock
Rock
Rock
Pop
Pop
Rock
Rock
Pop
Rock
Rock
Rock
Rock
Rock
Rock
Rock
Rock
Pop
Rock
Rock
Rock
Rock
Rock
Pop
Pop
Rock
Rock
Rock
Rock
Rock
Pop
Pop
Rock
Rock
Rock
Rock
Rock
Rock
Rock
Pop
Pop
Rock
Rock
Rock
Rock
Rock
Rock
Pop
Rock
Rock
Rock
Rock
Rock
Rock
Rock
Rock
Rock
Hip Hop
Hip Hop
Pop
Rock
Rock
Rock
Rock
Pop
Rock
Rock
Hip Hop
Pop
Rock
Pop
Pop
Rock
Rock
Rock
Rock
Rock
Pop
Rock
Rock
Rock
Pop
Rock
Pop
Rock
Rock
Rock
Rock
Pop
Rock
Rock
Rock
Rock
Rock
Rock
Rock
Hip Hop
Pop
Rock
Rock
Rock
Rock
Pop
Rock
Pop
Rock
Rock
Rock
Pop
Rock
Pop
Rock
Rock
Rock
Rock
Rock
Rock
Pop
Rock
Rock
Rock
Rock
Rock
Rock
Rock
Rock
Rock
Rock
Rock
Rock
Rock
Rock
Pop
Rock
Pop
Rock
Rock
Rock
Rock
Hip Hop
Rock
Pop
Rock
Rock
Rock
Pop
Rock
Rock
Rock
Rock
Rock
Pop
Rock
Pop
Pop
Pop
Rock
Rock
Rock
Pop
Pop
Pop
Rock
Rock
Rock
Rock
Pop
Rock
Rock
Rock
Rock
Rock
Rock
Rock
Rock
Rock
Rock
Rock
Rock
Rock
Pop
Rock
Rock
Rock
Pop
Pop
Rock
Rock
Rock
Rock
Rock
Rock
Rock
Pop
Pop
Rock
Rock
Rock
Rock
Rock
Pop
Pop
Pop
Pop
Rock
Rock
Pop
Pop
Rock
Rock
Rock
Rock
Rock
Rock
Rock
Rock
Rock
Pop
Pop
Rock
Rock
Pop
Rock
Pop
Rock
Rock
Rock
Rock
Rock
Rock
Pop
Rock
Rock
Pop
Rock
Rock
Pop
Hip Hop
Rock
Rock
Rock
Rock
Rock
Rock
Rock
Rock
Hip Hop
Rock
Rock
Rock
Rock
Rock
Rock
Rock
Pop
Rock
Rock
Rock
Rock
Pop
Pop
Rock
Rock
Rock
Rock
Rock
Rock
Pop
Rock
Rock
Rock
Rock
Rock
Rock
Rock
Rock
Rock
Pop
Pop
Pop
Rock
Rock
Rock
Rock
Rock
Rock
Hip Hop
Rock
Hip Hop
Rock
Rock
Rock
Rock
Rock
Rock
Rock
Rock
Pop
Rock
Rock
Rock
Pop
Rock
Rock
Pop
Rock
Rock
Rock
Rock
Rock
Rock
Rock
Rock
Rock
Rock
Rock
Rock
Rock
Pop
Pop
Rock
Rock
Pop
Hip Hop
Pop
Rock
Rock
Rock
Pop
Rock
Rock
Rock
Rock
Rock
Rock
Rock
Rock
Rock
Rock
Rock
Rock
Rock
Rock
Rock
Rock
Rock
Rock
Rock
Rock
Rock
Rock
Pop
Rock
Rock
Rock
Rock
Rock
Rock
Rock
Pop
Rock
Rock
Pop
Rock
Pop
Rock
Pop
Pop
Pop
Rock
Rock
Rock
Rock
Pop
Rock
Pop
Rock
Pop
Rock
Pop
Rock
Rock
Rock
Rock
Rock
Rock
Pop
Rock
Rock
Rock
Rock
Pop
Rock
Rock
Pop
Rock
Rock
Rock
Pop
Pop
Rock
Rock
Rock
Rock
Rock
Pop
Rock
Rock
Rock
Pop
Rock
Pop
Rock
Rock
Rock
Pop
Rock
Pop
Rock
Rock
Pop
Rock
Rock
Rock
Rock
Pop
Rock
Rock
Pop
Rock
Rock
Rock
Rock
Rock
Rock
Rock
Pop
Rock
Rock
Pop
Pop
Rock
Pop
Rock
Rock
Pop
Rock
Pop
Rock
Rock
Rock
Rock
Rock
Pop
Rock
Rock
Rock
Rock
Rock
Rock
Rock
Pop
Pop
Pop
Rock
Rock
Rock
Hip Hop
Pop
Pop
Rock
Rock
Rock
Rock
Pop
Rock
Hip Hop
Rock
Rock
Rock
Pop
Rock
Pop
Rock
Pop
Pop
Rock
Hip Hop
Pop
Pop
Rock
Rock
Rock
Rock
Pop
Rock
Rock
Hip Hop
Rock
Rock
Rock
Rock
Rock
Rock
Rock
Rock
Rock
Pop
Rock
Pop
Rock
Rock
Rock
Rock
Rock
Hip Hop
Rock
Rock
Rock
Rock
Rock
Rock
Rock
Rock
Rock
Pop
Rock
Rock
Pop
Rock
Pop
Rock
Rock
Rock
Pop
Rock
Pop
Pop
Pop
Rock
Rock
Rock
Rock
Rock
Rock
Rock
Pop
Rock
Rock
Rock
Rock
Rock
Rock
Pop
Rock
Pop
Pop
Rock
Rock
Rock
Rock
